9990001 pasta 12.00 2
1,Product1,10.1,101
2,Product2,10.2,102
3,Product3,10.3,103
4,Product4,10.4,104
5,Product5,10.5,105
6,Product6,10.6,106
7,Product7,10.7,107
8,Product8,10.8,108
9,Product9,10.9,109
10,Product10,11.0,110
11,Product11,11.1,111
12,Product12,11.2,112
13,Product13,11.3,113
14,Product14,11.4,114
15,Product15,11.5,115
16,Product16,11.6,116
17,Product17,11.7,117
18,Product18,11.8,118
19,Product19,11.9,119
20,Product20,12.0,120
21,Product21,12.1,121
22,Product22,12.2,122
23,Product23,12.3,123
24,Product24,12.4,124
25,Product25,12.5,125
26,Product26,12.6,126
27,Product27,12.7,127
28,Product28,12.8,128
29,Product29,12.9,129
30,Product30,13.0,130
31,Product31,13.1,131
32,Product32,13.2,132
33,Product33,13.3,133
34,Product34,13.4,134
35,Product35,13.5,135
36,Product36,13.6,136
37,Product37,13.7,137
38,Product38,13.8,138
39,Product39,13.9,139
40,Product40,14.0,140
41,Product41,14.1,141
42,Product42,14.2,142
43,Product43,14.3,143
44,Product44,14.4,144
45,Product45,14.5,145
46,Product46,14.6,146
47,Product47,14.7,147
48,Product48,14.8,148
49,Product49,14.9,149
50,Product50,15.0,100
51,Product51,15.1,101
52,Product52,15.2,102
53,Product53,15.3,103
54,Product54,15.4,104
55,Product55,15.5,105
56,Product56,15.6,106
57,Product57,15.7,107
58,Product58,15.8,108
59,Product59,15.9,109
60,Product60,16.0,110
61,Product61,16.1,111
62,Product62,16.2,112
63,Product63,16.3,113
64,Product64,16.4,114
65,Product65,16.5,115
66,Product66,16.6,116
67,Product67,16.7,117
68,Product68,16.8,118
69,Product69,16.9,119
70,Product70,17.0,120
71,Product71,17.1,121
72,Product72,17.2,122
73,Product73,17.3,123
74,Product74,17.4,124
75,Product75,17.5,125
76,Product76,17.6,126
77,Product77,17.7,127
78,Product78,17.8,128
79,Product79,17.9,129
80,Product80,18.0,130
81,Product81,18.1,131
82,Product82,18.2,132
83,Product83,18.3,133
84,Product84,18.4,134
85,Product85,18.5,135
86,Product86,18.6,136
87,Product87,18.7,137
88,Product88,18.8,138
89,Product89,18.9,139
90,Product90,19.0,140
91,Product91,19.1,141
92,Product92,19.2,142
93,Product93,19.3,143
94,Product94,19.4,144
95,Product95,19.5,145
96,Product96,19.6,146
97,Product97,19.7,147
98,Product98,19.8,148
99,Product99,19.9,149
100,Product100,20.0,100
101,Product101,20.1,101
102,Product102,20.2,102
103,Product103,20.3,103
104,Product104,20.4,104
105,Product105,20.5,105
106,Product106,20.6,106
107,Product107,20.7,107
108,Product108,20.8,108
109,Product109,20.9,109
110,Product110,21.0,110
111,Product111,21.1,111
112,Product112,21.2,112
113,Product113,21.3,113
114,Product114,21.4,114
115,Product115,21.5,115
116,Product116,21.6,116
117,Product117,21.7,117
118,Product118,21.8,118
119,Product119,21.9,119
120,Product120,22.0,120
121,Product121,22.1,121
122,Product122,22.2,122
123,Product123,22.3,123
124,Product124,22.4,124
125,Product125,22.5,125
126,Product126,22.6,126
127,Product127,22.7,127
128,Product128,22.8,128
129,Product129,22.9,129
130,Product130,23.0,130
131,Product131,23.1,131
132,Product132,23.2,132
133,Product133,23.3,133
134,Product134,23.4,134
135,Product135,23.5,135
136,Product136,23.6,136
137,Product137,23.7,137
138,Product138,23.8,138
139,Product139,23.9,139
140,Product140,24.0,140
141,Product141,24.1,141
142,Product142,24.2,142
143,Product143,24.3,143
144,Product144,24.4,144
145,Product145,24.5,145
146,Product146,24.6,146
147,Product147,24.7,147
148,Product148,24.8,148
149,Product149,24.9,149
150,Product150,25.0,100
151,Product151,25.1,101
152,Product152,25.2,102
153,Product153,25.3,103
154,Product154,25.4,104
155,Product155,25.5,105
156,Product156,25.6,106
157,Product157,25.7,107
158,Product158,25.8,108
159,Product159,25.9,109
160,Product160,26.0,110
161,Product161,26.1,111
162,Product162,26.2,112
163,Product163,26.3,113
164,Product164,26.4,114
165,Product165,26.5,115
166,Product166,26.6,116
167,Product167,26.7,117
168,Product168,26.8,118
169,Product169,26.9,119
170,Product170,27.0,120
171,Product171,27.1,121
172,Product172,27.2,122
173,Product173,27.3,123
174,Product174,27.4,124
175,Product175,27.5,125
176,Product176,27.6,126
177,Product177,27.7,127
178,Product178,27.8,128
179,Product179,27.9,129
180,Product180,28.0,130
181,Product181,28.1,131
182,Product182,28.2,132
183,Product183,28.3,133
184,Product184,28.4,134
185,Product185,28.5,135
186,Product186,28.6,136
187,Product187,28.7,137
188,Product188,28.8,138
189,Product189,28.9,139
190,Product190,29.0,140
191,Product191,29.1,141
192,Product192,29.2,142
193,Product193,29.3,143
194,Product194,29.4,144
195,Product195,29.5,145
196,Product196,29.6,146
197,Product197,29.7,147
198,Product198,29.8,148
199,Product199,29.9,149
200,Product200,30.0,100
201,Product201,30.1,101
202,Product202,30.2,102
203,Product203,30.3,103
204,Product204,30.4,104
205,Product205,30.5,105
206,Product206,30.6,106
207,Product207,30.7,107
208,Product208,30.8,108
209,Product209,30.9,109
210,Product210,31.0,110
211,Product211,31.1,111
212,Product212,31.2,112
213,Product213,31.3,113
214,Product214,31.4,114
215,Product215,31.5,115
216,Product216,31.6,116
217,Product217,31.7,117
218,Product218,31.8,118
219,Product219,31.9,119
220,Product220,32.0,120
221,Product221,32.1,121
222,Product222,32.2,122
223,Product223,32.3,123
224,Product224,32.4,124
225,Product225,32.5,125
226,Product226,32.6,126
227,Product227,32.7,127
228,Product228,32.8,128
229,Product229,32.9,129
230,Product230,33.0,130
231,Product231,33.1,131
232,Product232,33.2,132
233,Product233,33.3,133
234,Product234,33.4,134
235,Product235,33.5,135
236,Product236,33.6,136
237,Product237,33.7,137
238,Product238,33.8,138
239,Product239,33.9,139
240,Product240,34.0,140
241,Product241,34.1,141
242,Product242,34.2,142
243,Product243,34.3,143
244,Product244,34.4,144
245,Product245,34.5,145
246,Product246,34.6,146
247,Product247,34.7,147
248,Product248,34.8,148
249,Product249,34.9,149
250,Product250,35.0,100
251,Product251,35.1,101
252,Product252,35.2,102
253,Product253,35.3,103
254,Product254,35.4,104
255,Product255,35.5,105
256,Product256,35.6,106
257,Product257,35.7,107
258,Product258,35.8,108
259,Product259,35.9,109
260,Product260,36.0,110
261,Product261,36.1,111
262,Product262,36.2,112
263,Product263,36.3,113
264,Product264,36.4,114
265,Product265,36.5,115
266,Product266,36.6,116
267,Product267,36.7,117
268,Product268,36.8,118
269,Product269,36.9,119
270,Product270,37.0,120
271,Product271,37.1,121
272,Product272,37.2,122
273,Product273,37.3,123
274,Product274,37.4,124
275,Product275,37.5,125
276,Product276,37.6,126
277,Product277,37.7,127
278,Product278,37.8,128
279,Product279,37.9,129
280,Product280,38.0,130
281,Product281,38.1,131
282,Product282,38.2,132
283,Product283,38.3,133
284,Product284,38.4,134
285,Product285,38.5,135
286,Product286,38.6,136
287,Product287,38.7,137
288,Product288,38.8,138
289,Product289,38.9,139
290,Product290,39.0,140
291,Product291,39.1,141
292,Product292,39.2,142
293,Product293,39.3,143
294,Product294,39.4,144
295,Product295,39.5,145
296,Product296,39.6,146
297,Product297,39.7,147
298,Product298,39.8,148
299,Product299,39.9,149
300,Product300,40.0,100
301,Product301,40.1,101
302,Product302,40.2,102
303,Product303,40.3,103
304,Product304,40.4,104
305,Product305,40.5,105
306,Product306,40.6,106
307,Product307,40.7,107
308,Product308,40.8,108
309,Product309,40.9,109
310,Product310,41.0,110
311,Product311,41.1,111
312,Product312,41.2,112
313,Product313,41.3,113
314,Product314,41.4,114
315,Product315,41.5,115
316,Product316,41.6,116
317,Product317,41.7,117
318,Product318,41.8,118
319,Product319,41.9,119
320,Product320,42.0,120
321,Product321,42.1,121
322,Product322,42.2,122
323,Product323,42.3,123
324,Product324,42.4,124
325,Product325,42.5,125
326,Product326,42.6,126
327,Product327,42.7,127
328,Product328,42.8,128
329,Product329,42.9,129
330,Product330,43.0,130
331,Product331,43.1,131
332,Product332,43.2,132
333,Product333,43.3,133
334,Product334,43.4,134
335,Product335,43.5,135
336,Product336,43.6,136
337,Product337,43.7,137
338,Product338,43.8,138
339,Product339,43.9,139
340,Product340,44.0,140
341,Product341,44.1,141
342,Product342,44.2,142
343,Product343,44.3,143
344,Product344,44.4,144
345,Product345,44.5,145
346,Product346,44.6,146
347,Product347,44.7,147
348,Product348,44.8,148
349,Product349,44.9,149
350,Product350,45.0,100
351,Product351,45.1,101
352,Product352,45.2,102
353,Product353,45.3,103
354,Product354,45.4,104
355,Product355,45.5,105
356,Product356,45.6,106
357,Product357,45.7,107
358,Product358,45.8,108
359,Product359,45.9,109
360,Product360,46.0,110
361,Product361,46.1,111
362,Product362,46.2,112
363,Product363,46.3,113
364,Product364,46.4,114
365,Product365,46.5,115
366,Product366,46.6,116
367,Product367,46.7,117
368,Product368,46.8,118
369,Product369,46.9,119
370,Product370,47.0,120
371,Product371,47.1,121
372,Product372,47.2,122
373,Product373,47.3,123
374,Product374,47.4,124
375,Product375,47.5,125
376,Product376,47.6,126
377,Product377,47.7,127
378,Product378,47.8,128
379,Product379,47.9,129
380,Product380,48.0,130
381,Product381,48.1,131
382,Product382,48.2,132
383,Product383,48.3,133
384,Product384,48.4,134
385,Product385,48.5,135
386,Product386,48.6,136
387,Product387,48.7,137
388,Product388,48.8,138
389,Product389,48.9,139
390,Product390,49.0,140
391,Product391,49.1,141
392,Product392,49.2,142
393,Product393,49.3,143
394,Product394,49.4,144
395,Product395,49.5,145
396,Product396,49.6,146
397,Product397,49.7,147
398,Product398,49.8,148
399,Product399,49.9,149
400,Product400,50.0,100
401,Product401,50.1,101
402,Product402,50.2,102
403,Product403,50.3,103
404,Product404,50.4,104
405,Product405,50.5,105
406,Product406,50.6,106
407,Product407,50.7,107
408,Product408,50.8,108
409,Product409,50.9,109
410,Product410,51.0,110
411,Product411,51.1,111
412,Product412,51.2,112
413,Product413,51.3,113
414,Product414,51.4,114
415,Product415,51.5,115
416,Product416,51.6,116
417,Product417,51.7,117
418,Product418,51.8,118
419,Product419,51.9,119
420,Product420,52.0,120
421,Product421,52.1,121
422,Product422,52.2,122
423,Product423,52.3,123
424,Product424,52.4,124
425,Product425,52.5,125
426,Product426,52.6,126
427,Product427,52.7,127
428,Product428,52.8,128
429,Product429,52.9,129
430,Product430,53.0,130
431,Product431,53.1,131
432,Product432,53.2,132
433,Product433,53.3,133
434,Product434,53.4,134
435,Product435,53.5,135
436,Product436,53.6,136
437,Product437,53.7,137
438,Product438,53.8,138
439,Product439,53.9,139
440,Product440,54.0,140
441,Product441,54.1,141
442,Product442,54.2,142
443,Product443,54.3,143
444,Product444,54.4,144
445,Product445,54.5,145
446,Product446,54.6,146
447,Product447,54.7,147
448,Product448,54.8,148
449,Product449,54.9,149
450,Product450,55.0,100
451,Product451,55.1,101
452,Product452,55.2,102
453,Product453,55.3,103
454,Product454,55.4,104
455,Product455,55.5,105
456,Product456,55.6,106
457,Product457,55.7,107
458,Product458,55.8,108
459,Product459,55.9,109
460,Product460,56.0,110
461,Product461,56.1,111
462,Product462,56.2,112
463,Product463,56.3,113
464,Product464,56.4,114
465,Product465,56.5,115
466,Product466,56.6,116
467,Product467,56.7,117
468,Product468,56.8,118
469,Product469,56.9,119
470,Product470,57.0,120
471,Product471,57.1,121
472,Product472,57.2,122
473,Product473,57.3,123
474,Product474,57.4,124
475,Product475,57.5,125
476,Product476,57.6,126
477,Product477,57.7,127
478,Product478,57.8,128
479,Product479,57.9,129
480,Product480,58.0,130
481,Product481,58.1,131
482,Product482,58.2,132
483,Product483,58.3,133
484,Product484,58.4,134
485,Product485,58.5,135
486,Product486,58.6,136
487,Product487,58.7,137
488,Product488,58.8,138
489,Product489,58.9,139
490,Product490,59.0,140
491,Product491,59.1,141
492,Product492,59.2,142
493,Product493,59.3,143
494,Product494,59.4,144
495,Product495,59.5,145
496,Product496,59.6,146
497,Product497,59.7,147
498,Product498,59.8,148
499,Product499,59.9,149
500,Product500,60.0,100
501,Product501,60.1,101
502,Product502,60.2,102
503,Product503,60.3,103
504,Product504,60.4,104
505,Product505,60.5,105
506,Product506,60.6,106
507,Product507,60.7,107
508,Product508,60.8,108
509,Product509,60.9,109
510,Product510,61.0,110
511,Product511,61.1,111
512,Product512,61.2,112
513,Product513,61.3,113
514,Product514,61.4,114
515,Product515,61.5,115
516,Product516,61.6,116
517,Product517,61.7,117
518,Product518,61.8,118
519,Product519,61.9,119
520,Product520,62.0,120
521,Product521,62.1,121
522,Product522,62.2,122
523,Product523,62.3,123
524,Product524,62.4,124
525,Product525,62.5,125
526,Product526,62.6,126
527,Product527,62.7,127
528,Product528,62.8,128
529,Product529,62.9,129
530,Product530,63.0,130
531,Product531,63.1,131
532,Product532,63.2,132
533,Product533,63.3,133
534,Product534,63.4,134
535,Product535,63.5,135
536,Product536,63.6,136
537,Product537,63.7,137
538,Product538,63.8,138
539,Product539,63.9,139
540,Product540,64.0,140
541,Product541,64.1,141
542,Product542,64.2,142
543,Product543,64.3,143
544,Product544,64.4,144
545,Product545,64.5,145
546,Product546,64.6,146
547,Product547,64.7,147
548,Product548,64.8,148
549,Product549,64.9,149
550,Product550,65.0,100
551,Product551,65.1,101
552,Product552,65.2,102
553,Product553,65.3,103
554,Product554,65.4,104
555,Product555,65.5,105
556,Product556,65.6,106
557,Product557,65.7,107
558,Product558,65.8,108
559,Product559,65.9,109
560,Product560,66.0,110
561,Product561,66.1,111
562,Product562,66.2,112
563,Product563,66.3,113
564,Product564,66.4,114
565,Product565,66.5,115
566,Product566,66.6,116
567,Product567,66.7,117
568,Product568,66.8,118
569,Product569,66.9,119
570,Product570,67.0,120
571,Product571,67.1,121
572,Product572,67.2,122
573,Product573,67.3,123
574,Product574,67.4,124
575,Product575,67.5,125
576,Product576,67.6,126
577,Product577,67.7,127
578,Product578,67.8,128
579,Product579,67.9,129
580,Product580,68.0,130
581,Product581,68.1,131
582,Product582,68.2,132
583,Product583,68.3,133
584,Product584,68.4,134
585,Product585,68.5,135
586,Product586,68.6,136
587,Product587,68.7,137
588,Product588,68.8,138
589,Product589,68.9,139
590,Product590,69.0,140
591,Product591,69.1,141
592,Product592,69.2,142
593,Product593,69.3,143
594,Product594,69.4,144
595,Product595,69.5,145
596,Product596,69.6,146
597,Product597,69.7,147
598,Product598,69.8,148
599,Product599,69.9,149
600,Product600,70.0,100
601,Product601,70.1,101
602,Product602,70.2,102
603,Product603,70.3,103
604,Product604,70.4,104
605,Product605,70.5,105
606,Product606,70.6,106
607,Product607,70.7,107
608,Product608,70.8,108
609,Product609,70.9,109
610,Product610,71.0,110
611,Product611,71.1,111
612,Product612,71.2,112
613,Product613,71.3,113
614,Product614,71.4,114
615,Product615,71.5,115
616,Product616,71.6,116
617,Product617,71.7,117
618,Product618,71.8,118
619,Product619,71.9,119
620,Product620,72.0,120
621,Product621,72.1,121
622,Product622,72.2,122
623,Product623,72.3,123
624,Product624,72.4,124
625,Product625,72.5,125
626,Product626,72.6,126
627,Product627,72.7,127
628,Product628,72.8,128
629,Product629,72.9,129
630,Product630,73.0,130
631,Product631,73.1,131
632,Product632,73.2,132
633,Product633,73.3,133
634,Product634,73.4,134
635,Product635,73.5,135
636,Product636,73.6,136
637,Product637,73.7,137
638,Product638,73.8,138
639,Product639,73.9,139
640,Product640,74.0,140
641,Product641,74.1,141
642,Product642,74.2,142
643,Product643,74.3,143
644,Product644,74.4,144
645,Product645,74.5,145
646,Product646,74.6,146
647,Product647,74.7,147
648,Product648,74.8,148
649,Product649,74.9,149
650,Product650,75.0,100
651,Product651,75.1,101
652,Product652,75.2,102
653,Product653,75.3,103
654,Product654,75.4,104
655,Product655,75.5,105
656,Product656,75.6,106
657,Product657,75.7,107
658,Product658,75.8,108
659,Product659,75.9,109
660,Product660,76.0,110
661,Product661,76.1,111
662,Product662,76.2,112
663,Product663,76.3,113
664,Product664,76.4,114
665,Product665,76.5,115
666,Product666,76.6,116
667,Product667,76.7,117
668,Product668,76.8,118
669,Product669,76.9,119
670,Product670,77.0,120
671,Product671,77.1,121
672,Product672,77.2,122
673,Product673,77.3,123
674,Product674,77.4,124
675,Product675,77.5,125
676,Product676,77.6,126
677,Product677,77.7,127
678,Product678,77.8,128
679,Product679,77.9,129
680,Product680,78.0,130
681,Product681,78.1,131
682,Product682,78.2,132
683,Product683,78.3,133
684,Product684,78.4,134
685,Product685,78.5,135
686,Product686,78.6,136
687,Product687,78.7,137
688,Product688,78.8,138
689,Product689,78.9,139
690,Product690,79.0,140
691,Product691,79.1,141
692,Product692,79.2,142
693,Product693,79.3,143
694,Product694,79.4,144
695,Product695,79.5,145
696,Product696,79.6,146
697,Product697,79.7,147
698,Product698,79.8,148
699,Product699,79.9,149
700,Product700,80.0,100
701,Product701,80.1,101
702,Product702,80.2,102
703,Product703,80.3,103
704,Product704,80.4,104
705,Product705,80.5,105
706,Product706,80.6,106
707,Product707,80.7,107
708,Product708,80.8,108
709,Product709,80.9,109
710,Product710,81.0,110
711,Product711,81.1,111
712,Product712,81.2,112
713,Product713,81.3,113
714,Product714,81.4,114
715,Product715,81.5,115
716,Product716,81.6,116
717,Product717,81.7,117
718,Product718,81.8,118
719,Product719,81.9,119
720,Product720,82.0,120
721,Product721,82.1,121
722,Product722,82.2,122
723,Product723,82.3,123
724,Product724,82.4,124
725,Product725,82.5,125
726,Product726,82.6,126
727,Product727,82.7,127
728,Product728,82.8,128
729,Product729,82.9,129
730,Product730,83.0,130
731,Product731,83.1,131
732,Product732,83.2,132
733,Product733,83.3,133
734,Product734,83.4,134
735,Product735,83.5,135
736,Product736,83.6,136
737,Product737,83.7,137
738,Product738,83.8,138
739,Product739,83.9,139
740,Product740,84.0,140
741,Product741,84.1,141
742,Product742,84.2,142
743,Product743,84.3,143
744,Product744,84.4,144
745,Product745,84.5,145
746,Product746,84.6,146
747,Product747,84.7,147
748,Product748,84.8,148
749,Product749,84.9,149
750,Product750,85.0,100
751,Product751,85.1,101
752,Product752,85.2,102
753,Product753,85.3,103
754,Product754,85.4,104
755,Product755,85.5,105
756,Product756,85.6,106
757,Product757,85.7,107
758,Product758,85.8,108
759,Product759,85.9,109
760,Product760,86.0,110
761,Product761,86.1,111
762,Product762,86.2,112
763,Product763,86.3,113
764,Product764,86.4,114
765,Product765,86.5,115
766,Product766,86.6,116
767,Product767,86.7,117
768,Product768,86.8,118
769,Product769,86.9,119
770,Product770,87.0,120
771,Product771,87.1,121
772,Product772,87.2,122
773,Product773,87.3,123
774,Product774,87.4,124
775,Product775,87.5,125
776,Product776,87.6,126
777,Product777,87.7,127
778,Product778,87.8,128
779,Product779,87.9,129
780,Product780,88.0,130
781,Product781,88.1,131
782,Product782,88.2,132
783,Product783,88.3,133
784,Product784,88.4,134
785,Product785,88.5,135
786,Product786,88.6,136
787,Product787,88.7,137
788,Product788,88.8,138
789,Product789,88.9,139
790,Product790,89.0,140
791,Product791,89.1,141
792,Product792,89.2,142
793,Product793,89.3,143
794,Product794,89.4,144
795,Product795,89.5,145
796,Product796,89.6,146
797,Product797,89.7,147
798,Product798,89.8,148
799,Product799,89.9,149
800,Product800,90.0,100
801,Product801,90.1,101
802,Product802,90.2,102
803,Product803,90.3,103
804,Product804,90.4,104
805,Product805,90.5,105
806,Product806,90.6,106
807,Product807,90.7,107
808,Product808,90.8,108
809,Product809,90.9,109
810,Product810,91.0,110
811,Product811,91.1,111
812,Product812,91.2,112
813,Product813,91.3,113
814,Product814,91.4,114
815,Product815,91.5,115
816,Product816,91.6,116
817,Product817,91.7,117
818,Product818,91.8,118
819,Product819,91.9,119
820,Product820,92.0,120
821,Product821,92.1,121
822,Product822,92.2,122
823,Product823,92.3,123
824,Product824,92.4,124
825,Product825,92.5,125
826,Product826,92.6,126
827,Product827,92.7,127
828,Product828,92.8,128
829,Product829,92.9,129
830,Product830,93.0,130
831,Product831,93.1,131
832,Product832,93.2,132
833,Product833,93.3,133
834,Product834,93.4,134
835,Product835,93.5,135
836,Product836,93.6,136
837,Product837,93.7,137
838,Product838,93.8,138
839,Product839,93.9,139
840,Product840,94.0,140
841,Product841,94.1,141
842,Product842,94.2,142
843,Product843,94.3,143
844,Product844,94.4,144
845,Product845,94.5,145
846,Product846,94.6,146
847,Product847,94.7,147
848,Product848,94.8,148
849,Product849,94.9,149
850,Product850,95.0,100
851,Product851,95.1,101
852,Product852,95.2,102
853,Product853,95.3,103
854,Product854,95.4,104
855,Product855,95.5,105
856,Product856,95.6,106
857,Product857,95.7,107
858,Product858,95.8,108
859,Product859,95.9,109
860,Product860,96.0,110
861,Product861,96.1,111
862,Product862,96.2,112
863,Product863,96.3,113
864,Product864,96.4,114
865,Product865,96.5,115
866,Product866,96.6,116
867,Product867,96.7,117
868,Product868,96.8,118
869,Product869,96.9,119
870,Product870,97.0,120
871,Product871,97.1,121
872,Product872,97.2,122
873,Product873,97.3,123
874,Product874,97.4,124
875,Product875,97.5,125
876,Product876,97.6,126
877,Product877,97.7,127
878,Product878,97.8,128
879,Product879,97.9,129
880,Product880,98.0,130
881,Product881,98.1,131
882,Product882,98.2,132
883,Product883,98.3,133
884,Product884,98.4,134
885,Product885,98.5,135
886,Product886,98.6,136
887,Product887,98.7,137
888,Product888,98.8,138
889,Product889,98.9,139
890,Product890,99.0,140
891,Product891,99.1,141
892,Product892,99.2,142
893,Product893,99.3,143
894,Product894,99.4,144
895,Product895,99.5,145
896,Product896,99.6,146
897,Product897,99.7,147
898,Product898,99.8,148
899,Product899,99.9,149
900,Product900,100.0,100
901,Product901,100.1,101
902,Product902,100.2,102
903,Product903,100.3,103
904,Product904,100.4,104
905,Product905,100.5,105
906,Product906,100.6,106
907,Product907,100.7,107
908,Product908,100.8,108
909,Product909,100.9,109
910,Product910,101.0,110
911,Product911,101.1,111
912,Product912,101.2,112
913,Product913,101.3,113
914,Product914,101.4,114
915,Product915,101.5,115
916,Product916,101.6,116
917,Product917,101.7,117
918,Product918,101.8,118
919,Product919,101.9,119
920,Product920,102.0,120
921,Product921,102.1,121
922,Product922,102.2,122
923,Product923,102.3,123
924,Product924,102.4,124
925,Product925,102.5,125
926,Product926,102.6,126
927,Product927,102.7,127
928,Product928,102.8,128
929,Product929,102.9,129
930,Product930,103.0,130
931,Product931,103.1,131
932,Product932,103.2,132
933,Product933,103.3,133
934,Product934,103.4,134
935,Product935,103.5,135
936,Product936,103.6,136
937,Product937,103.7,137
938,Product938,103.8,138
939,Product939,103.9,139
940,Product940,104.0,140
941,Product941,104.1,141
942,Product942,104.2,142
943,Product943,104.3,143
944,Product944,104.4,144
945,Product945,104.5,145
946,Product946,104.6,146
947,Product947,104.7,147
948,Product948,104.8,148
949,Product949,104.9,149
950,Product950,105.0,100
951,Product951,105.1,101
952,Product952,105.2,102
953,Product953,105.3,103
954,Product954,105.4,104
955,Product955,105.5,105
956,Product956,105.6,106
957,Product957,105.7,107
958,Product958,105.8,108
959,Product959,105.9,109
960,Product960,106.0,110
961,Product961,106.1,111
962,Product962,106.2,112
963,Product963,106.3,113
964,Product964,106.4,114
965,Product965,106.5,115
966,Product966,106.6,116
967,Product967,106.7,117
968,Product968,106.8,118
969,Product969,106.9,119
970,Product970,107.0,120
971,Product971,107.1,121
972,Product972,107.2,122
973,Product973,107.3,123
974,Product974,107.4,124
975,Product975,107.5,125
976,Product976,107.6,126
977,Product977,107.7,127
978,Product978,107.8,128
979,Product979,107.9,129
980,Product980,108.0,130
981,Product981,108.1,131
982,Product982,108.2,132
983,Product983,108.3,133
984,Product984,108.4,134
985,Product985,108.5,135
986,Product986,108.6,136
987,Product987,108.7,137
988,Product988,108.8,138
989,Product989,108.9,139
990,Product990,109.0,140
991,Product991,109.1,141
992,Product992,109.2,142
993,Product993,109.3,143
994,Product994,109.4,144
995,Product995,109.5,145
996,Product996,109.6,146
997,Product997,109.7,147
998,Product998,109.8,148
999,Product999,109.9,149
1000,Product1000,110.0,100
